MAC 

Solutions : 4

Backtracks : 146
 
#1
 0  0  0  1  0  0 
 1  0  0  0  0  0 
 0  0  0  0  1  0 
 0  1  0  0  0  0 
 0  0  0  0  0  1 
 0  0  1  0  0  0 

#2
 0  0  0  0  1  0 
 0  0  1  0  0  0 
 1  0  0  0  0  0 
 0  0  0  0  0  1 
 0  0  0  1  0  0 
 0  1  0  0  0  0 

#3
 0  1  0  0  0  0 
 0  0  0  1  0  0 
 0  0  0  0  0  1 
 1  0  0  0  0  0 
 0  0  1  0  0  0 
 0  0  0  0  1  0 

#4
 0  0  1  0  0  0 
 0  0  0  0  0  1 
 0  1  0  0  0  0 
 0  0  0  0  1  0 
 1  0  0  0  0  0 
 0  0  0  1  0  0 

